Currently processing... collection/0
Currently processing... collection/1
Currently processing... collection/10
['intermediate_index_0', 'intermediate_index_1', 'intermediate_index_10']
[<index.InvertedIndexReader object at 0x101f257c0>, <index.InvertedIndexReader object at 0x101f257f0>, <index.InvertedIndexReader object at 0x101f25820>]
[78, 102, 117, 122]
[69, 70, 77, 86, 110, 141]
[50, 51, 52, 54, 55, 59, 60, 61, 62, 64, 67, 68, 69, 70, 71, 73, 74, 77, 80, 81, 83, 84, 88, 90, 91, 92, 93, 95, 101, 102, 103, 105, 107, 108, 109, 110, 112, 113, 116, 117, 118, 120, 121, 122, 123, 124, 126, 127, 129, 130, 131, 132, 134, 135, 136, 137, 138, 139, 141, 142, 144, 145, 146, 147, 148, 149]
[52, 55, 60, 67, 69, 70, 71, 76, 80, 84, 101, 117, 121, 122, 136, 148]
[89, 116, 149]
[50, 51, 52, 53, 54, 55, 56, 57, 58, 59, 60, 61, 62, 63, 64, 65, 66, 67, 68, 69, 70, 71, 72, 73, 74, 76, 77, 78, 79, 80, 81, 82, 83, 84, 85, 86, 87, 88, 89, 90, 92, 93, 94, 95, 96, 97, 98, 99, 101, 109, 112, 117, 119, 120, 122, 123, 130, 135, 139, 143, 149]
[50, 51, 52, 53, 54, 55, 56, 57, 58, 59, 60, 61, 62, 63, 64, 65, 66, 67, 68, 69, 70, 71, 72, 73, 74, 76, 77, 78, 79, 80, 81, 82, 83, 84, 85, 86, 87, 88, 89, 90, 92, 93, 94, 95, 96, 97, 98, 99, 101, 109, 112, 117, 119, 120, 122, 123, 130, 135, 139, 143, 149]
[50, 51, 52, 53, 54, 55, 56, 57, 58, 59, 60, 61, 62, 63, 64, 65, 66, 67, 68, 69, 70, 71, 72, 73, 74, 75, 76, 77, 78, 79, 80, 81, 82, 83, 84, 85, 86, 87, 88, 89, 90, 91, 92, 93, 94, 95, 96, 97, 98, 99]
[50, 51, 52, 53, 54, 55, 56, 57, 58, 59, 60, 61, 62, 63, 64, 65, 66, 67, 68, 69, 70, 71, 72, 73, 74, 75, 76, 77, 78, 79, 80, 81, 82, 83, 84, 85, 86, 87, 88, 89, 90, 91, 92, 93, 94, 95, 96, 97, 98, 99]
[50, 51, 52, 53, 54, 55, 56, 57, 58, 59, 60, 61, 62, 63, 64, 65, 66, 67, 68, 69, 70, 71, 72, 73, 74, 75, 76, 77, 78, 79, 80, 81, 82, 83, 84, 85, 86, 87, 88, 89, 90, 91, 92, 93, 94, 95, 96, 97, 98, 99, 119]
[50, 51, 52, 53, 54, 55, 56, 57, 58, 59, 60, 61, 62, 63, 64, 65, 66, 67, 68, 69, 70, 71, 72, 73, 74, 75, 76, 77, 78, 79, 80, 81, 82, 83, 84, 85, 86, 87, 88, 89, 90, 91, 92, 93, 94, 95, 96, 97, 98, 99]
[50, 51, 52, 53, 54, 55, 56, 57, 58, 59, 60, 61, 62, 63, 64, 65, 66, 67, 68, 69, 70, 71, 72, 73, 74, 75, 76, 77, 78, 79, 80, 81, 82, 83, 84, 85, 86, 87, 88, 89, 90, 91, 92, 93, 94, 95, 96, 97, 98, 99, 106, 109, 124]
[130]
[]
